# generated by Slic3r 1.2.9 on Tue Nov 29 15:26:42 2016
bed_shape = 66.633x7.00341,65.5359x13.9301,63.7208x20.7041,61.2075x27.2514,58.0237x33.5,54.2041x39.3816,49.7907x44.8318,44.8318x49.7907,39.3816x54.2041,33.5x58.0237,27.2514x61.2075,20.7041x63.7208,13.9301x65.5359,7.00341x66.633,0x67,-7.00341x66.633,-13.9301x65.5359,-20.7041x63.7208,-27.2514x61.2075,-33.5x58.0237,-39.3816x54.2041,-44.8318x49.7907,-49.7907x44.8318,-54.2041x39.3816,-58.0237x33.5,-61.2075x27.2514,-63.7208x20.7041,-65.5359x13.9301,-66.633x7.00341,-67x0,-66.633x-7.00341,-65.5359x-13.9301,-63.7208x-20.7041,-61.2075x-27.2514,-58.0237x-33.5,-54.2041x-39.3816,-49.7907x-44.8318,-44.8318x-49.7907,-39.3816x-54.2041,-33.5x-58.0237,-27.2514x-61.2075,-20.7041x-63.7208,-13.9301x-65.5359,-7.00341x-66.633,0x-67,7.00341x-66.633,13.9301x-65.5359,20.7041x-63.7208,27.2514x-61.2075,33.5x-58.0237,39.3816x-54.2041,44.8318x-49.7907,49.7907x-44.8318,54.2041x-39.3816,58.0237x-33.5,61.2075x-27.2514,63.7208x-20.7041,65.5359x-13.9301,66.633x-7.00341,67x0
before_layer_gcode = 
end_gcode = G91;\nG90;\nG92 E0;\nG1 E-1 F2400;\nM104 S0;\nG28   ; home X axis\nM84     ; disable motors\n
extruder_offset = 0x0
gcode_flavor = reprap
layer_gcode = 
nozzle_diameter = 0.4
octoprint_apikey = 
octoprint_host = 
pressure_advance = 0
retract_before_travel = 2
retract_layer_change = 1
retract_length = 4
retract_length_toolchange = 10
retract_lift = 0
retract_restart_extra = -0.005
retract_restart_extra_toolchange = 0.5
retract_speed = 80
start_gcode = G28 ; home all axes\nG1 Z5 F800\nM109 S[first_layer_temperature]\nG92 E0\nG1 E-5.00000 F4800.00000\nG92 E0\nG1 Z0.300 F6000.000\nG1 X-65.587 Y-0.011 F6000.000\nG1 E5.99500 F4800.00000\nG1 X-65.334 Y-5.716 E6.40329 F540.000\nG1 X-64.638 Y-11.080 E6.79005\nG1 X-64.583 Y-11.395 E6.81292\nG1 X-63.461 Y-16.527 E7.18850\nG1 X-63.340 Y-16.986 E7.22241\nG1 X-61.830 Y-21.844 E7.58616\nG1 X-61.617 Y-22.437 E7.63119\nG1 X-59.752 Y-27.010 E7.98434\nG1 X-59.426 Y-27.720 E8.04019\nG1 X-57.243 Y-31.979 E8.38235\nG1 X-56.790 Y-32.779 E8.44807\nG1 X-54.325 Y-36.714 E8.78005\nG1 X-53.718 Y-37.598 E8.85674\nG1 X-51.011 Y-41.192 E9.17845\nG1 X-50.232 Y-42.140 E9.26615\nG1 X-47.336 Y-45.365 E9.57605\nG1 X-46.368 Y-46.354 E9.67501\nG1 X-43.315 Y-49.217 E9.97428\nG1 X-42.153 Y-50.217 E10.08386\nG1 X-38.984 Y-52.711 E10.37218\nG1 X-37.594 Y-53.712 E10.49464\nG1 X-34.376 Y-55.825 E10.76990\nG1 X-32.774 Y-56.781 E10.90328\nG1 X-29.512 Y-58.540 E11.16826\nG1 X-27.697 Y-59.422 E11.31256\nG1 X-24.446 Y-60.829 E11.56583\nG1 X-22.413 Y-61.609 E11.72151\nG1 X-19.195 Y-62.684 E11.96409\nG1 X-16.980 Y-63.321 E12.12888\nG1 X-13.811 Y-64.085 E12.36192\nG1 X-11.390 Y-64.561 E12.53831\nG1 X-8.329 Y-65.025 E12.75968\nG1 X-5.725 Y-65.307 E12.94697\nG1 X-2.780 Y-65.497 E13.15799\nG1 X0.010 Y-65.558 E13.35745\nG1 X2.780 Y-65.497 E13.55555\nG1 X5.725 Y-65.307 E13.76656\nG1 X8.329 Y-65.025 E13.95386\nG1 X11.390 Y-64.561 E14.17523\nG1 X13.811 Y-64.085 E14.35162\nG1 X16.980 Y-63.321 E14.58466\nG1 X19.195 Y-62.684 E14.74944\nG1 X22.413 Y-61.609 E14.99202\nG1 X24.446 Y-60.829 E15.14771\nG1 X27.697 Y-59.422 E15.40098\nG1 X29.512 Y-58.540 E15.54528\nG1 X32.774 Y-56.781 E15.81026\nG1 X34.376 Y-55.825 E15.94363\nG1 X37.594 Y-53.712 E16.21889\nG1 X38.984 Y-52.711 E16.34135\nG1 X42.153 Y-50.217 E16.62968\nG1 X43.315 Y-49.217 E16.73926\nG1 X46.368 Y-46.354 E17.03852\nG1 X47.336 Y-45.365 E17.13748\nG1 X50.232 Y-42.140 E17.44738\nG1 X51.011 Y-41.192 E17.53508\nG1 X53.718 Y-37.598 E17.85680\nG1 X54.325 Y-36.714 E17.93348\nG1 X56.790 Y-32.779 E18.26547\nG1 X57.243 Y-31.979 E18.33118\nG1 X59.426 Y-27.720 E18.67334\nG1 X59.752 Y-27.010 E18.72919\nG1 X61.617 Y-22.437 E19.08234\nG1 X61.830 Y-21.844 E19.12738\nG1 X63.340 Y-16.986 E19.49112\nG1 X63.461 Y-16.527 E19.52503
toolchange_gcode = 
use_firmware_retraction = 0
use_relative_e_distances = 0
use_volumetric_e = 0
vibration_limit = 0
wipe = 0
z_offset = 0
